emitter:
    name: "dust_shok"
    emissionVector: [0.100000, -0.010000, 2.000000]
    emissionAngle: 60.000000
    type: "shockwave"
    size: [0.000000, 0.000000, 0.000000]
    shortEffect: false
    radius: 0.500000
    emissionRange: 180.000000
    emissionVectorInverted: true
layer0:
    life: 1.000000
    stripeLifetime: 0.000000
    endTime: 0.300000
    scaleVelocityBase: 1.000000
    stripeVertexSpawnStep: 1.000000
    stripeStartSize: 0.000000
    type: "layer"
    stripeUScrollSpeed: 0.000000
    enableFlow: false
    stripeVScrollSpeed: 0.000000
    colorOverLife: [177.000000, 141.000000, 124.000000, 255.000000]
    stripeFadeDistanceFromTop: 0.000000
    name: "dust_shok"
    layerType: "particles"
    degradeStrategy: 2
    particleOrientation: 1
    inheritPosition: false
    isLong: false
    randomSpinDirection: false
    pivotPoint: [0.000000, 0.000000]
    effectFormat: 1
    useFresToAlpha: false
    fresToAlphaBias: 0.000000
    fresToAlphaPower: 0.000000
    alphaRemapLoopCount: 1.000000
    size: [0.500000, 0.500000]
    sprite: "../../../../../Data/Gfx/Particles/alpha/explosion_smoke_white"
    alphaOverLife: [0.000000, 0.000000, 0.058935, 0.800934, 0.325095, 0.691025, 0.571900, 0.259900, 0.990000, 0.000000]
    enableAlphaRemap: false
    blending: 1
    deltaTime: 0.000000
    enableFlowAnimation: false
    enableNoise: false
    useNoiseScroll: false
    useThreePointGradient: false
    stripeInheritPositionForBase: false
    enableFog: true
    enableFrameBlend: false
    loopEndTime: 6.000000
    scaleVelocityFactor: 0.000000
    startTime: 0.060000
    gradientMiddlePoint: 0.500000
    lifeVariation: 1.000000
    applyGlobalForces: false
    loopVariation: 0.000000
    loopSpriteAnimation: false
    number: 300.000000
    sizeVariation: [0.250000, 0.250000]
    sizeOverLifeXY: [0.000000, [2.000000, 2.000000], 0.542100, [3.217500, 3.217500], 1.000000, [6.000000, 6.000000]]
    velocity: 2.000000
    frameOverLifeEnabled: false
    velocityVariation: 1.000000
    velocityOverLife: [0.000000, 3.000000, 0.052500, 0.587800, 0.434800, 0.450000, 0.906400, 0.497700]
    frameOverLifeFPS: 16.000000
    spin: 20.000000
    spinVariation: 10.000000
    angle: 180.000000
    angleVariation: 180.000000
    randomFrameOnStart: false
    isLooped: false
    deltaVariation: 0.000000
    usePerspectiveMapping: false
    activeLODS: [0, 1, 0, 0]
