emitter:
    name: "dust"
    emissionVector: [0.000000, 0.000000, 1.000000]
    type: "rect"
    size: [2.000000, 2.000000, 0.500000]
    shortEffect: false
    emissionRange: 80.000000
    emissionVectorInverted: true
layer0:
    life: 1.000000
    stripeLifetime: 0.000000
    endTime: 0.300000
    scaleVelocityBase: 1.000000
    stripeVertexSpawnStep: 1.000000
    stripeStartSize: 0.000000
    type: "layer"
    stripeUScrollSpeed: 0.000000
    enableFlow: false
    stripeVScrollSpeed: 0.000000
    colorOverLife: [142.957199, 140.750961, 153.984436, 255.000000]
    stripeFadeDistanceFromTop: 0.000000
    name: "dust"
    layerType: "particles"
    degradeStrategy: 2
    particleOrientation: 1
    inheritPosition: false
    isLong: false
    randomSpinDirection: false
    pivotPoint: [0.000000, 0.000000]
    useFresToAlpha: false
    effectFormat: 1
    fresToAlphaBias: 0.000000
    fresToAlphaPower: 0.000000
    alphaRemapLoopCount: 1.000000
    force0: [0.000000, 0.000000, -2.000000]
    size: [0.500000, 0.500000]
    sprite: "../../../../../Data/Gfx/Particles/alpha/explosion_smoke_white"
    alphaOverLife: [0.000000, 0.000000, 0.100394, 0.367668, 0.990000, 0.000000]
    enableAlphaRemap: false
    blending: 1
    deltaTime: 0.000000
    enableFlowAnimation: false
    enableNoise: false
    useNoiseScroll: false
    useThreePointGradient: false
    enableFog: true
    stripeInheritPositionForBase: false
    enableFrameBlend: false
    loopEndTime: 6.000000
    scaleVelocityFactor: 0.000000
    startTime: 0.060000
    gradientMiddlePoint: 0.500000
    lifeVariation: 1.000000
    applyGlobalForces: false
    number: 50.000000
    loopVariation: 0.000000
    loopSpriteAnimation: false
    sizeVariation: [0.250000, 0.250000]
    sizeOverLifeXY: [0.000000, [1.000000, 1.000000], 1.000000, [4.000000, 4.000000]]
    velocity: 1.000000
    frameOverLifeEnabled: false
    velocityVariation: 1.000000
    velocityOverLife: [0.000000, 2.000000, 0.052500, 0.587800, 0.434800, 0.450000, 0.906400, 0.497700]
    frameOverLifeFPS: 16.000000
    spin: 20.000000
    spinVariation: 10.000000
    angle: 180.000000
    angleVariation: 180.000000
    randomFrameOnStart: false
    isLooped: false
    deltaVariation: 0.000000
    usePerspectiveMapping: false
    activeLODS: [0, 1, 1, 0]
    forceCount: 1
