emitter:
    name: "dust3"
    emissionVector: [0.000000, 0.000000, 1.000000]
    type: "rect"
    size: [0.100000, 3.000000, 0.100000]
    shortEffect: false
    emissionRange: 120.000000
    emissionVectorInverted: true
layer0:
    life: 2.000000
    stripeLifetime: 0.000000
    endTime: 1.100000
    scaleVelocityBase: 1.000000
    stripeVertexSpawnStep: 1.000000
    stripeStartSize: 0.000000
    type: "layer"
    stripeUScrollSpeed: 0.000000
    enableFlow: false
    stripeVScrollSpeed: 0.000000
    colorOverLife: [164.000000, 126.000000, 103.000000, 255.000000]
    stripeFadeDistanceFromTop: 0.000000
    name: "dust"
    layerType: "particles"
    degradeStrategy: 2
    particleOrientation: 1
    inheritPosition: false
    isLong: false
    randomSpinDirection: false
    pivotPoint: [0.000000, 0.000000]
    effectFormat: 1
    useFresToAlpha: false
    fresToAlphaBias: 0.000000
    fresToAlphaPower: 0.000000
    alphaRemapLoopCount: 1.000000
    size: [0.500000, 0.500000]
    sprite: "../../../../../Data/Gfx/Particles/alpha/fog_white"
    alphaOverLife: [0.000000, 0.000000, 0.470000, 0.600000, 0.990000, 0.000000]
    enableAlphaRemap: false
    blending: 1
    deltaTime: 0.000000
    enableFlowAnimation: false
    enableNoise: false
    useNoiseScroll: false
    useThreePointGradient: false
    stripeInheritPositionForBase: false
    enableFog: true
    enableFrameBlend: false
    loopEndTime: 0.000000
    scaleVelocityFactor: 0.000000
    startTime: 1.000000
    gradientMiddlePoint: 0.500000
    lifeVariation: 1.000000
    applyGlobalForces: false
    loopVariation: 0.000000
    loopSpriteAnimation: true
    number: 80.000000
    sizeVariation: [0.200000, 0.200000]
    sizeOverLifeXY: [0.000000, [1.000000, 1.000000], 1.000000, [3.000000, 3.000000]]
    velocity: 0.500000
    frameOverLifeEnabled: false
    velocityVariation: 0.100000
    velocityOverLife: [0.000000, 1.000000, 1.000000, 0.000000]
    frameOverLifeFPS: 0.000000
    spinOverLife: 1.000000
    spin: 10.000000
    spinVariation: 5.082200
    angle: 180.000000
    angleVariation: 180.000000
    randomFrameOnStart: false
    isLooped: false
    deltaVariation: 0.000000
    usePerspectiveMapping: false
    activeLODS: [0, 1, 1, 0]
