emitter:
    name: "leaf1"
    emissionVector: [0.000000, 0.000000, -1.000000]
    emissionAngle: 0.000000
    type: "rect"
    size: [0.000000, 0.200000, 4.000000]
    shortEffect: false
    emissionRange: 90.000000
    emissionVectorInverted: true
layer0:
    life: 5.000000
    stripeLifetime: 0.000000
    endTime: 1.000000
    scaleVelocityBase: 1.000000
    stripeVertexSpawnStep: 1.000000
    stripeStartSize: 0.000000
    type: "layer"
    stripeUScrollSpeed: 0.000000
    enableFlow: false
    stripeVScrollSpeed: 0.000000
    colorOverLife: [122.000000, 126.000000, 65.000000, 255.000000]
    stripeFadeDistanceFromTop: 0.000000
    name: "leaf"
    layerType: "particles"
    degradeStrategy: 0
    particleOrientation: 1
    inheritPosition: false
    isLong: false
    randomSpinDirection: true
    pivotPoint: [30.000000, -30.000000]
    effectFormat: 1
    useFresToAlpha: false
    fresToAlphaBias: 0.000000
    fresToAlphaPower: 0.000000
    alphaRemapLoopCount: 1.000000
    force0: [-6.000000, -2.000000, -1.000000]
    size: [0.050000, 0.050000]
    sprite: "../../../../../Data/Gfx/Particles/alpha/leaf"
    alphaOverLife: [0.000000, 1.000000, 0.793500, 1.000000, 0.990000, 0.000000]
    enableAlphaRemap: false
    blending: 1
    deltaTime: 8.000000
    enableFlowAnimation: false
    enableNoise: false
    useNoiseScroll: false
    useThreePointGradient: false
    stripeInheritPositionForBase: false
    enableFog: true
    enableFrameBlend: false
    loopEndTime: 1000.000000
    scaleVelocityFactor: 0.000000
    startTime: 0.000000
    gradientMiddlePoint: 0.500000
    applyGlobalForces: false
    loopVariation: 0.000000
    loopSpriteAnimation: false
    number: 9.000000
    sizeVariation: [0.050000, 0.050000]
    velocity: 6.000000
    frameOverLifeEnabled: false
    velocityVariation: 10.000000
    velocityOverLife: [0.000000, 1.000000, 0.030000, 0.100000]
    frameOverLifeFPS: 0.000000
    spinOverLife: [0.000000, 1.000000, 1.000000, 0.000000]
    spin: 100.000000
    spinVariation: 100.000000
    randomFrameOnStart: false
    isLooped: true
    deltaVariation: 2.000000
    usePerspectiveMapping: false
    activeLODS: [1, 1, 0, 0]
    forceCount: 1
    forceOverLife0: [0.000000, 1.000000, 1.000000, 3.000000]
