emitter:
    name: "smoke"
    emissionVector: [0.100000, -0.010000, 0.500000]
    emissionAngle: 60.000000
    type: "oncircle"
    size: [1.500000, 1.000000, 0.800000]
    shortEffect: false
    radius: 2.000000
    emissionRange: 120.000000
    emissionVectorInverted: true
layer0:
    life: 40.000000
    stripeLifetime: 0.000000
    endTime: 6.000000
    scaleVelocityBase: 1.000000
    stripeVertexSpawnStep: 1.000000
    stripeStartSize: 0.000000
    type: "layer"
    stripeUScrollSpeed: 0.000000
    enableFlow: false
    stripeVScrollSpeed: 0.000000
    colorOverLife: [175.451355, 189.101166, 197.000000, 255.000000]
    stripeFadeDistanceFromTop: 0.000000
    name: "smoke"
    layerType: "particles"
    degradeStrategy: 0
    particleOrientation: 1
    inheritPosition: true
    isLong: false
    randomSpinDirection: false
    pivotPoint: [0.000000, 0.000000]
    effectFormat: 1
    useFresToAlpha: false
    numberVariation: 3.000000
    fresToAlphaBias: 0.000000
    fresToAlphaPower: 0.000000
    alphaRemapLoopCount: 1.000000
    force0: [1.200000, 0.000000, 0.000000]
    size: [0.500000, 0.500000]
    sprite: "../../../../../Data/Gfx/Particles/alpha/R_dust_density"
    alphaOverLife: [0.000000, 0.247181, 0.424719, 0.189846, 1.000000, 0.000000]
    enableAlphaRemap: false
    blending: 1
    deltaTime: 0.500000
    enableFlowAnimation: false
    enableNoise: false
    useNoiseScroll: false
    useThreePointGradient: false
    stripeInheritPositionForBase: false
    enableFog: true
    enableFrameBlend: false
    loopEndTime: 1000.000000
    scaleVelocityFactor: 0.000000
    startTime: 0.000000
    gradientMiddlePoint: 0.500000
    lifeVariation: 10.000000
    applyGlobalForces: false
    loopVariation: 0.500000
    loopSpriteAnimation: false
    number: 3.000000
    sizeVariation: [0.500000, 0.500000]
    sizeOverLifeXY: [0.000000, [0.400000, 0.400000], 0.637195, [8.222191, 8.222191], 0.990000, [15.000000, 15.000000]]
    velocity: 0.461300
    frameOverLifeEnabled: false
    velocityVariation: 0.200000
    angle: 1.000000
    angleVariation: 360.000000
    frameOverLifeFPS: 10.000000
    randomFrameOnStart: false
    isLooped: true
    deltaVariation: 0.500000
    usePerspectiveMapping: false
    activeLODS: [1, 1, 1, 1]
    forceCount: 1
    forceOverLife0: [0.000000, 0.000000, 0.088200, 0.005100, 0.156500, 0.011300, 0.249700, 0.021800, 0.372700, 0.039100, 0.520500, 0.053800, 0.653400, 0.066500, 0.771400, 0.076900, 0.864600, 0.086700, 0.937900, 0.093900, 1.000000, 0.103000]
