emitter:
    name: "dust"
    emissionVector: [0.100000, -0.010000, 2.000000]
    emissionAngle: 60.000000
    type: "point"
    size: [0.000000, 0.000000, 0.000000]
    shortEffect: false
    radius: 2.000000
    emissionRange: 30.000000
    emissionVectorInverted: true
layer0:
    life: 3.000000
    stripeLifetime: 0.000000
    endTime: 0.200000
    scaleVelocityBase: 1.000000
    stripeVertexSpawnStep: 1.000000
    stripeStartSize: 0.000000
    type: "layer"
    stripeUScrollSpeed: 0.000000
    enableFlow: false
    stripeVScrollSpeed: 0.000000
    colorOverLife: [97.984436, 85.042801, 72.101166, 255.000000]
    stripeFadeDistanceFromTop: 0.000000
    name: "dust"
    layerType: "particles"
    degradeStrategy: 2
    particleOrientation: 1
    inheritPosition: false
    isLong: false
    randomSpinDirection: false
    pivotPoint: [0.000000, 0.000000]
    effectFormat: 1
    useFresToAlpha: false
    fresToAlphaBias: 0.000000
    fresToAlphaPower: 0.000000
    alphaRemapLoopCount: 1.000000
    force0: [0.000000, [0.000000, 0.000000, -0.366400], 0.330000, [0.010000, 0.010000, 0.358500], 0.900000, [0.000000, 0.000000, -0.340600]]
    size: [0.500000, 0.500000]
    sprite: "../../../../../Data/Gfx/Particles/alpha/fog_white"
    alphaOverLife: [0.000000, 0.000000, 0.096400, 0.689300, 0.646100, 0.542200, 0.990000, 0.000000]
    enableAlphaRemap: false
    blending: 1
    deltaTime: 0.000000
    enableFlowAnimation: false
    enableNoise: false
    useNoiseScroll: false
    useThreePointGradient: false
    stripeInheritPositionForBase: false
    enableFog: true
    enableFrameBlend: false
    loopEndTime: 0.000000
    scaleVelocityFactor: 0.000000
    startTime: 0.000000
    gradientMiddlePoint: 0.500000
    lifeVariation: 2.000000
    applyGlobalForces: false
    loopVariation: 0.000000
    loopSpriteAnimation: true
    number: 15.000000
    sizeVariation: [0.500000, 0.500000]
    sizeOverLifeXY: [0.000000, [3.000000, 3.000000], 0.900000, [2.000000, 2.000000]]
    velocity: 1.000000
    frameOverLifeEnabled: false
    velocityVariation: 1.000000
    velocityOverLife: [0.000000, 0.215000, 0.179000, 0.178100, 0.420000, 0.000000, 0.900000, 0.000000]
    angle: 180.000000
    angleVariation: 180.000000
    frameOverLifeFPS: 0.000000
    randomFrameOnStart: false
    isLooped: false
    deltaVariation: 0.000000
    usePerspectiveMapping: false
    activeLODS: [0, 1, 0, 0]
    forceCount: 1
