emitter:
    name: "smoke"
    emissionVector: [0.000000, 0.000000, 1.000000]
    emissionAngle: 1.000000
    type: "oncircle"
    size: [1.000000, 1.200000, 0.000000]
    shortEffect: false
    radius: 0.100000
    emissionRange: 10.000000
    emissionVectorInverted: true
layer0:
    life: 4.000000
    stripeLifetime: 0.000000
    endTime: 6.000000
    scaleVelocityBase: 1.000000
    stripeVertexSpawnStep: 1.000000
    stripeStartSize: 0.000000
    type: "layer"
    stripeUScrollSpeed: 0.000000
    enableFlow: false
    stripeVScrollSpeed: 0.000000
    colorOverLife: [207.459137, 209.315170, 226.000000, 255.000000]
    stripeFadeDistanceFromTop: 0.000000
    name: "smoke"
    layerType: "particles"
    degradeStrategy: 0
    particleOrientation: 1
    inheritPosition: false
    isLong: false
    randomSpinDirection: true
    pivotPoint: [0.000000, 0.000000]
    effectFormat: 1
    useFresToAlpha: false
    numberVariation: 3.000000
    fresToAlphaBias: 0.000000
    fresToAlphaPower: 0.000000
    alphaRemapLoopCount: 1.000000
    size: [0.500000, 0.500000]
    sprite: "../../../../../Data/Gfx/Particles/alpha/fog_white"
    alphaOverLife: [0.000000, 0.000000, 0.138720, 0.503355, 0.990000, 0.000000]
    enableAlphaRemap: false
    blending: 1
    deltaTime: 0.500000
    enableFlowAnimation: false
    enableNoise: false
    useNoiseScroll: false
    useThreePointGradient: false
    stripeInheritPositionForBase: false
    enableFog: true
    enableFrameBlend: false
    loopEndTime: 200.000000
    scaleVelocityFactor: 0.000000
    startTime: 0.000000
    gradientMiddlePoint: 0.500000
    lifeVariation: 7.000000
    applyGlobalForces: false
    loopVariation: 0.500000
    loopSpriteAnimation: false
    number: 3.000000
    sizeVariation: [0.500000, 0.500000]
    sizeOverLifeXY: [0.000000, [0.230000, 0.230000], 0.990000, [2.000000, 2.000000]]
    velocity: 0.461300
    frameOverLifeEnabled: false
    velocityVariation: 0.009000
    frameOverLifeFPS: 10.000000
    spin: 5.000000
    spinVariation: 5.000000
    angle: 1.000000
    angleVariation: 360.000000
    randomFrameOnStart: false
    isLooped: true
    deltaVariation: 0.500000
    usePerspectiveMapping: false
    activeLODS: [0, 1, 1, 0]
